38 [0, 7]
29 [1, 10]
21 [2, 23, 40]
39 [3, 11, 55, 66, 71]
43 [4, 30, 36, 47, 69, 82, 91]
57 [5, 12, 27, 37, 68]
37 [6, 52, 63, 76, 88, 90]
59 [8, 13, 72, 74]
62 [9, 19, 60, 73]
49 [14]
53 [15, 29]
25 [16, 83]
60 [17]
40 [18, 57]
46 [20, 33, 50]
19 [21, 38]
47 [22, 31, 58, 77, 84, 92]
56 [24, 75, 94]
61 [25, 87]
34 [26]
27 [28]
32 [32]
22 [34]
35 [35, 49]
50 [39, 44]
36 [41]
28 [42, 80]
55 [43, 97, 99]
20 [45]
45 [46]
16 [48]
65 [51]
31 [53, 65]
48 [54, 70]
44 [56, 86]
26 [59, 62]
41 [61]
63 [64, 93]
23 [67]
52 [78]
51 [79]
64 [81]
42 [85]
33 [89]
24 [95]
54 [96]
17 [98]
