47 [0]
45 [1, 2]
90 [3]
130 [4]
44 [5]
121 [6, 67]
103 [7, 10]
166 [8]
81 [9]
111 [11]
36 [12]
196 [13]
138 [14]
156 [15]
149 [16, 58]
71 [17, 46]
198 [18]
129 [19, 50]
56 [20]
113 [21, 56]
50 [22, 64]
134 [23, 82]
69 [24]
106 [25]
178 [26, 83]
68 [27]
75 [28]
18 [29]
73 [30]
131 [31]
112 [32]
117 [33]
125 [34]
110 [35]
137 [36]
177 [37]
29 [38, 39]
169 [40]
188 [41]
15 [42]
135 [43]
77 [44, 84]
167 [45]
164 [47]
95 [48]
147 [49]
74 [51]
109 [52, 87]
161 [53, 65]
145 [54]
12 [55, 91]
170 [57]
92 [59]
83 [60]
35 [61]
82 [62]
85 [63]
183 [66]
54 [68]
123 [69]
91 [70]
98 [71]
46 [72, 74]
13 [73]
108 [75]
97 [76]
80 [77]
120 [78]
127 [79]
37 [80]
61 [81]
94 [85]
26 [86]
67 [88]
133 [89]
158 [90]
22 [92]
52 [93]
30 [94]
182 [95]
192 [96]
59 [97]
49 [98]
180 [99]
